242
70549
51124
52569
6350
16245
46789
48994
51704
31340
5606
54027
16669
47170
67532
29878
71883
9099
76518
23572
17506
43801
72025
34743
59836
85671
44896
76884
5662
31742
88845
26310
45708
27333
95562
62310
9937
6759
26508
21229
31005
24061
19304
48383
84039
39653
21568
6794
63296
46619
64304
87327
66082
90516
3540
1246
77684
17789
88488
36749
87462
34921
84363
69429
52019
78569
42501
53990
24064
23590
44006
13285
63542
76733
20307
91053
81769
9992
59376
5389
17630
10078
46260
94950
51495
53541
55191
29116
86346
89182
7463
85296
7421
17245
80946
30925
24081
41487
22469
68946
3847
31134
72562
51419
50176
59668
51931
48705
82980
79908
16062
9301
8784
87048
30549
57710
37520
31359
44650
73751
6299
57586
42280
79008
71667
21891
24084
60000
79083
12354
27129
93331
11379
80628
69886
75059
21268
16021
95963
31242
92105
50891
69646
55577
34144
52399
69381
70712
20328
64778
29353
10941
28711
17329
66737
54158
39660
54088
45642
87280
62534
82183
10414
97862
34015
81916
92596
60643
12786
70147
80893
68874
23342
55320
25957
62527
35096
21939
20388
27197
6536
2703
91956
67491
37630
82534
79832
96907
77766
3231
84465
32936
15381
30831
62908
35267
32011
92018
93123
45330
69657
63214
89643
32885
4864
8189
87785
28606
81576
61121
99354
22123
26750
62890
71816
41874
60057
45083
61949
17794
51628
25949
6858
47484
85787
99836
44200
28376
74470
46209
73937
68681
53080
97502
33820
55927
9978
31662
65372
65413
52265
70360
29344



99352 [99354, 99836]
