Current perm: 2 False 120
0.345370150712 sigmoid
[1, 6, 10, 20, 21, 35, 54, 73, 83, 95, 110, 125, 144, 152, 170, 177, 182, 185, 189]
perm length: 19
Current perm: 19 644 434
0.640503020057 sigmoid
[1, 2, 3, 5, 15, 16, 18, 19, 20, 21, 22, 25, 29, 30, 34, 35, 38, 41, 42, 47, 54, 55, 57, 62, 65, 68, 69, 72, 73, 81, 83, 89, 94, 95, 96, 103, 104, 108, 110, 112, 118, 120, 123, 130, 134, 135, 140, 147, 149, 158, 161, 166, 168, 170, 176, 177, 181, 182, 184, 185, 186, 188, 189, 191, 198, 200]
perm length: 66
Current perm: 66 2903 507
0.695440126885 sigmoid
[2, 3, 5, 7, 8, 10, 11, 14, 15, 16, 18, 20, 21, 22, 25, 27, 30, 31, 34, 35, 36, 37, 41, 42, 43, 44, 47, 49, 50, 51, 53, 54, 56, 57, 58, 62, 65, 68, 69, 72, 73, 74, 75, 78, 81, 82, 83, 86, 88, 89, 92, 93, 94, 95, 98, 103, 108, 110, 112, 116, 117, 118, 120, 121, 122, 125, 133, 134, 136, 140, 141, 143, 146, 147, 148, 149, 150, 151, 152, 154, 156, 159, 160, 161, 163, 167, 168, 170, 174, 176, 177, 180, 181, 182, 184, 185, 188, 189, 192, 198, 200, 201, 202, 203]
perm length: 104
Current perm: 104 4574 507
0.695440126885 sigmoid
[1, 2, 3, 5, 10, 11, 14, 15, 16, 19, 22, 24, 25, 26, 27, 28, 30, 31, 33, 34, 35, 36, 37, 38, 41, 42, 43, 44, 47, 48, 50, 53, 54, 57, 65, 68, 73, 74, 75, 78, 81, 82, 85, 86, 87, 88, 90, 91, 92, 93, 94, 95, 96, 100, 103, 106, 107, 110, 112, 113, 116, 117, 118, 120, 121, 122, 124, 125, 128, 133, 134, 135, 136, 140, 143, 146, 148, 149, 150, 151, 154, 156, 157, 158, 160, 161, 168, 170, 171, 177, 181, 182, 184, 188, 189, 191, 192, 193, 194, 199, 200, 201, 202, 203]
perm length: 104
Current perm: 104 4829 507
0.695440126885 sigmoid
[0, 1, 3, 4, 5, 6, 10, 15, 19, 21, 22, 23, 24, 25, 26, 27, 28, 30, 32, 33, 34, 35, 36, 37, 38, 41, 44, 47, 48, 50, 52, 54, 57, 62, 63, 65, 68, 72, 73, 74, 77, 78, 82, 83, 85, 86, 87, 88, 90, 91, 92, 93, 94, 95, 96, 98, 100, 106, 108, 110, 111, 112, 114, 117, 118, 119, 120, 121, 122, 125, 126, 127, 133, 134, 135, 136, 138, 140, 141, 143, 144, 146, 147, 148, 149, 150, 151, 153, 155, 156, 157, 158, 161, 164, 168, 170, 173, 180, 181, 182, 184, 187, 188, 189, 191, 192, 195, 198, 200, 201, 202, 203]
perm length: 112
[1, 6, 10, 20, 21, 35, 54, 73, 83, 95, 110, 125, 144, 152, 170, 177, 182, 185, 189] 644
