5372
0 2316328
1 8834060
2 487899
3 4157517
4 2818384
5 8612329
6 8920136
7 5897090
8 8897193
9 3832180
10 425420
11 1034936
12 6701641
13 1662307
14 4121720
15 5122331
16 5030719
17 9403586
18 9993813
19 2616444
20 9193504
21 4833049
22 1153636
23 8975543
24 7706087
25 4490537
26 4925539
27 439107
28 3358068
29 5434232
30 2268616
31 6319415
32 8775451
33 8803434
34 2534602
35 462792
36 1385334
37 2660188
38 2016523
39 854606
40 2993818
41 7654233
42 7015160
43 2982895
44 6534978
45 2002051
46 3417670
47 3893146
48 1804281
49 8433057
50 3455759
51 9078314
52 4102429
53 900939
54 3416485
55 5712648
56 5317168
57 403130
58 6168106
59 6982092
60 4011773
61 1888429
62 7887203
63 3339775
64 4492930
65 9377001
66 6687236
67 1632220
68 1760960
69 4329759
70 2381252
71 9803080
72 8300041
73 2738359
74 9538163
75 9976671
76 687755
77 6893317
78 1427286
79 1071667
80 2006489
81 1108933
82 4961581
83 1182721
84 2034095
85 5808431
86 3559712
87 1891141
88 4999398
89 9472848
90 8917216
91 9438380
92 2472348
93 7307107
94 6215906
95 4762697
96 571218
97 3440143
98 4917138
99 2554793
100 2667323
101 1361562
102 2555006
103 879199
104 5166776
105 6662769
106 5480153
107 644626
108 7386638
109 4543667
110 7847634
111 7185844
112 9496631
113 1599856
114 8467756
115 1577878
116 8466908
117 5227351
118 2744867
119 5178962
120 854281
121 6734644
122 7033151
123 3812391
124 8287729
125 5242042
126 881229
127 7428850
128 7751016
129 5794111
130 4628624
131 3104481
132 5898682
133 9201544
134 4529286
135 3870287
136 6218409
137 6435522
138 8257817
139 1899560
140 6799178
141 2537862
142 1867755
143 9336335
144 7500004
145 2120339
146 2236456
147 2195190
148 3997284
149 8932072
150 8413911
151 6433616
152 4040592
153 9402342
154 4331953
155 1961523
156 3079552
157 4804554
158 7212737
159 8508296
160 460798
161 7240771
162 6133509
163 7562941
164 6365539
165 2046255
166 1959701
167 9695063
168 2813063
169 3569378
170 8380906
171 5592251
172 835031
173 1427668
174 6269154
175 1550364
176 9169120
177 1834361
178 2305354
179 4612888
180 4951963
181 4458979
182 3677965
183 3045721
184 5234441
185 5525238
186 5951259
187 1778258
188 8140507
189 8582255
190 2249257
191 2125041
192 4060190
193 1024953
194 5115063
195 7655349
196 1065274
197 9155685
198 5884063
199 7777276
200 7878809
201 534333
202 1853887
203 1924569
204 4627953
205 3935261
206 6354087
207 949831
208 2642670
209 2703271
210 5048759
211 913930
212 5756538
213 9108316
214 2709456
215 4397598
216 7632037
217 7987640
218 7560084
219 1684165
220 7016409
221 8715579
222 5925595
223 9088861
224 4746134
225 2440742
226 9295864
227 4595005
228 626755
229 7384448
230 9591910
231 9342029
232 9423041
233 5170053
234 5421919
235 9208688
236 7418838
237 6764574
238 1920555
239 9452149
240 8916685
241 1947604
242 7537570
243 8412911
244 823888
245 6061771
246 5705697
247 3259384
248 5584266
249 3783790
250 6985841
251 9566065
252 7067293
253 2480578
254 3403742
255 9472172
256 6164052
257 9615692
258 5337076
259 2566937
260 98329
261 929001
262 8789763
263 5664230
264 954157
265 5040357
266 8931249
267 7438415
268 8869036
269 8232741
270 8816930
271 7231219
272 3832133
273 5113623
274 3832451
275 8023234
276 2486231
277 4762314
278 2104480
279 9943000
280 9970912
281 1266717
282 1184499
283 129991
284 2283296
285 9427118
286 1632629
287 1008667
288 9823587
289 704429
290 7589304
291 9156985
292 2271687
293 3636238
294 3086811
295 6038949
296 8525363
297 8193322
298 1140910
299 734237
300 7166193
301 7768352
302 9096411
303 2054468
304 2239752
305 4842610
306 6493016
307 7119688
308 4295669
309 8211310
310 5902593
311 4543415
312 1940613
313 4253590
314 6374012
315 2493328
316 5276335
317 8620412
318 8387821
319 9410177
320 1409172
321 274124
322 241801
323 6376334
324 6439039
325 5422810
326 6625385
327 2414960
328 4486021
329 3421848
330 2785521
331 2000256
332 8078278
333 6081
334 2488037
335 1726879
336 8535072
337 2929744
338 2702693
339 6909415
340 4049623
341 5874968
342 3966999
343 9900015
344 3292303
345 6809906
346 9708920
347 2579995
348 9298152
349 587929
350 866725
351 9801640
352 8390113
353 5670679
354 8033173
355 8019452
356 2780192
357 4115847
358 3144931
359 4549140
360 9901798
361 4625526
362 9356474
363 474103
364 1170305
365 6632242
366 2618525
367 7271252
368 6444904
369 576884
370 7634009
371 642193
372 6279521
373 4982087
374 2361564
375 1202524
376 9939541
377 7889164
378 5310675
379 1437107
380 972140
381 4839455
382 1785435
383 4925888
384 3712550
385 176170
386 810981
387 1169722
388 9023802
389 1723403
390 9962832
391 2738484
392 5688631
393 7279759
394 3400421
395 860281
396 5174305
397 1805837
398 7721726
399 6764016
400 302427
401 3325216
402 3963438
403 3443394
404 6092634
405 5996388
406 9847082
407 9916324
408 2169735
409 6006550
410 3149957
411 9000444
412 7175507
413 958913
414 4349019
415 6912025
416 9216019
417 9270464
418 7389640
419 7325379
420 6233978
421 2582708
422 1603184
423 1173403
424 3043695
425 5637473
426 6474566
427 8795909
428 381348
429 7748555
430 5878195
431 7343997
432 9749662
433 1641604
434 7505206
435 5661078
436 8590566
437 7593746
438 9705610
439 2511466
440 785346
441 652711
442 2932340
443 6850662
444 5450059
445 1509924
446 1261393
447 8168656
448 4551632
449 7607716
450 5099553
451 6638152
452 667793
453 6168121
454 9040387
455 1460877
456 276382
457 3440326
458 1713328
459 7626903
460 8540244
461 4378061
462 7000674
463 8689303
464 8919362
465 815548
466 8500431
467 6212112
468 6577385
469 7910396
470 6882752
471 4585115
472 1377052
473 8975862
474 5079614
475 622197
476 5501563
477 8070053
478 3054722
479 7751234
480 6909747
481 5977834
482 4569296
483 1985327
484 2117533
485 574307
486 536418
487 3819588
488 3237124
489 9588926
490 6942581
491 7753885
492 1499893
493 5296149
494 4558249
495 647974
496 9358464
497 8827444
498 3749461
499 5135010
500 1811237
501 3142176
502 5587879
503 9824063
504 6755484
505 8188981
506 5432249
507 6763449
508 6083431
509 6579895
510 8107612
511 2025320
512 118407
513 4149626
514 6029764
515 8436639
516 7339054
517 6309872
518 1054307
519 5713395
520 4470554
521 6510349
522 7953015
523 254721
524 2047007
525 972401
526 1357372
527 1129187
528 6175762
529 3478529
530 5293238
531 7696436
532 9420939
533 7674648
534 7434696
535 1962786
536 2338713
537 4032939
538 8709804
539 7742268
540 8957768
541 1971643
542 3620290
543 8904785
544 9430729
545 5821040
546 7007546
547 4601272
548 9260710
549 703688
550 7887156
551 6144550
552 5061241
553 2386816
554 1531848
555 168109
556 8752961
557 6280292
558 8915728
559 2537310
560 8799303
561 9197336
562 8955476
563 8541524
564 1280613
565 3997882
566 2651511
567 7106490
568 7180130
569 5860864
570 7523094
571 1743207
572 8283045
573 4974648
574 3771303
575 9052247
576 27718
577 1682533
578 7595518
579 9105967
580 7047096
581 9354534
582 370805
583 5242214
584 1153330
585 5261251
586 6592304
587 5514015
588 5806995
589 7983446
590 5947321
591 3979181
592 7052553
593 8722116
594 8510266
595 3034884
596 8847065
597 3447236
598 5311878
599 9159265
600 7869870
601 3372352
602 5889239
603 2641827
604 5760617
605 3883620
606 4310579
607 8462033
608 1318070
609 7407837
610 855162
611 6848908
612 2211530
613 7369034
614 767918
615 1023160
616 5462215
617 6637457
618 3779588
619 3315755
620 6405873
621 455435
622 7160414
623 5500958
624 3299828
625 6610890
626 8946384
627 5474546
628 5434113
629 5694165
630 5390861
631 3511041
632 6023992
633 9760110
634 2609309
635 7792378
636 1982522
637 1937995
638 8174807
639 7578036
640 4950762
641 1026332
642 3202380
643 3965073
644 4253308
645 5523565
646 9838350
647 5075434
648 5182408
649 1447295
650 7585734
651 9297185
652 4229452
653 9450093
654 7088619
655 3641947
656 4725093
657 4487038
658 4181609
659 9543580
660 9097700
661 5312391
662 8242777
663 431874
664 2493313
665 2407704
666 733918
667 7869385
668 8794603
669 5974586
670 6195398
671 172662
672 448769
673 8046225
674 4715821
675 2310053
676 5822101
677 1874216
678 997157
679 2626625
680 7709245
681 2376538
682 5983127
683 2424418
684 1220868
685 9350469
686 5863274
687 3188941
688 9309572
689 4309945
690 7030794
691 2096087
692 2309988
693 9150586
694 9299454
695 1080053
696 7403803
697 7662023
698 6123069
699 575478
700 4067579
701 5765522
702 3256523
703 1347440
704 609317
705 926589
706 2327740
707 2910228
708 1282567
709 5233347
710 4241557
711 4601887
712 8797019
713 6564241
714 7729407
715 2716468
716 9487919
717 9648213
718 2071775
719 9873039
720 5523311
721 1305281
722 296899
723 4193479
724 6176190
725 1906314
726 7315480
727 142499
728 3892307
729 3536438
730 7274224
731 4628722
732 1094355
733 2933837
734 7958708
735 420950
736 1345748
737 6440214
738 5409495
739 9915693
740 4836617
741 7899787
742 9073670
743 5474560
744 4757118
745 7181992
746 3836443
747 3463662
748 2785198
749 2239210
750 105996
751 641823
752 3168586
753 4758938
754 4569068
755 2903667
756 9228326
757 7800566
758 6632005
759 2226152
760 5265794
761 9281433
762 1110907
763 5430995
764 6966579
765 1188255
766 8359811
767 9259802
768 4950405
769 1518673
770 1570131
771 5027781
772 5150999
773 4349713
774 8363844
775 2866405
776 7197929
777 9381027
778 2521640
779 2443804
780 3464079
781 4778641
782 9484781
783 5495196
784 4431481
785 8503144
786 8850208
787 1484013
788 7339163
789 8328407
790 5676047
791 9631079
792 4457565
793 1023630
794 6265459
795 3150179
796 4062067
797 6019019
798 1260956
799 1247181
800 4113675
801 1008187
802 1806101
803 2826671
804 154607
805 1640772
806 6761061
807 103559
808 3253702
809 3238619
810 2808474
811 558829
812 9061183
813 3302956
814 7277960
815 2902028
816 8796782
817 2305256
818 7348993
819 5728615
820 8127119
821 7182631
822 1800527
823 8506805
824 1702327
825 3476051
826 9923906
827 7349527
828 4044191
829 319003
830 5743468
831 68237
832 6347848
833 8849533
834 4269796
835 8797063
836 6485060
837 2536514
838 9603411
839 2046123
840 3328847
841 6571349
842 2523873
843 9199794
844 6779543
845 5437735
846 451475
847 1844391
848 4045233
849 4283083
850 7143006
851 4578731
852 9942901
853 1719438
854 5835153
855 5643274
856 4711825
857 8647966
858 5394951
859 9423716
860 3452259
861 2065190
862 4178015
863 5784531
864 9615788
865 9591745
866 6191449
867 2525001
868 165935
869 3137655
870 7484784
871 5081218
872 7027316
873 1230583
874 6208164
875 7476531
876 2778064
877 9438120
878 3364848
879 4017885
880 7688640
881 7640449
882 8232848
883 4975101
884 745398
885 7841156
886 893354
887 2226834
888 7349476
889 1207440
890 2671135
891 4868885
892 8333409
893 4865677
894 6760063
895 6762828
896 2002229
897 7404239
898 7700536
899 7689185
900 8444235
901 9316448
902 3335225
903 693296
904 4116879
905 8935081
906 6434951
907 7397079
908 6086044
909 9333825
910 5507710
911 6175894
912 1481727
913 5291190
914 4122244
915 3043277
916 8878520
917 6134511
918 1179357
919 7399132
920 9922131
921 4891636
922 7945047
923 1814379
924 7190267
925 796818
926 4646789
927 2144558
928 4968786
929 7515820
930 588746
931 6351593
932 5332054
933 6811063
934 4960255
935 3459994
936 4424549
937 966949
938 9460761
939 8274081
940 8082052
941 5100698
942 2557727
943 5527921
944 6577585
945 6921284
946 7811215
947 9925103
948 905490
949 89691
950 509151
951 430230
952 2269958
953 5722065
954 1527346
955 703492
956 5424941
957 5229033
958 9373131
959 9052444
960 3785426
961 6590254
962 4089485
963 2190942
964 7389387
965 5329582
966 7054029
967 4405637
968 9351736
969 9261816
970 7009624
971 1181487
972 3339099
973 2834410
974 5295119
975 3927769
976 9910096
977 8022850
978 7856407
979 9360740
980 1262641
981 5047205
982 372867
983 3486576
984 279513
985 6447625
986 9546310
987 1156040
988 7842768
989 4350447
990 7346791
991 7400545
992 9543501
993 7598285
994 4211060
995 3822631
996 9196601
997 3525870
998 8226953
999 5694792
1000 2067767
1001 3176900
1002 6576717
1003 998101
1004 6547509
1005 3067248
1006 6702962
1007 5263670
1008 5481661
1009 6577089
1010 6768261
1011 7110374
1012 79472
1013 8061095
1014 5489751
1015 7616447
1016 7239487
1017 1333818
1018 6869020
1019 2227797
1020 3580028
1021 512614
1022 2330913
1023 1572549
1024 6098085
1025 7842339
1026 5479362
1027 8525869
1028 2619818
1029 513735
1030 7732417
1031 8631817
1032 9894968
1033 7042071
1034 2503726
1035 3860801
1036 549708
1037 1632635
1038 2038524
1039 7130712
1040 4732652
1041 3121162
1042 461663
1043 425729
1044 7762312
1045 7899120
1046 5385558
1047 5068882
1048 1238607
1049 4961782
1050 2159194
1051 5452281
1052 9080568
1053 1846950
1054 6088277
1055 1187024
1056 1620865
1057 463342
1058 5343113
1059 5458694
1060 535074
1061 6628459
1062 1645944
1063 5320589
1064 778067
1065 2053798
1066 9689108
1067 8197053
1068 5721228
1069 5630064
1070 6484010
1071 4783503
1072 2017806
1073 174644
1074 8977845
1075 9794409
1076 8677541
1077 225727
1078 3445379
1079 9772125
1080 247631
1081 6870923
1082 9555543
1083 6925249
1084 3592140
1085 2856576
1086 8599597
1087 8548422
1088 6153974
1089 1814092
1090 6178168
1091 1856015
1092 4828667
1093 6237937
1094 2931180
1095 9381704
1096 4643962
1097 99951
1098 5601346
1099 1184553
1100 9421920
1101 7339099
1102 8885379
1103 5885012
1104 8806838
1105 6933321
1106 6111104
1107 5152481
1108 1618223
1109 9076970
1110 4013297
1111 4064826
1112 700878
1113 3069004
1114 779336
1115 3212969
1116 4554053
1117 154060
1118 5927695
1119 4450435
1120 1018085
1121 1768319
1122 2403997
1123 5735266
1124 8473552
1125 4474015
1126 4355294
1127 2505247
1128 3122164
1129 3459893
1130 1596257
1131 6965794
1132 9077015
1133 5662817
1134 6045365
1135 4992519
1136 2127142
1137 3190730
1138 2332331
1139 2925283
1140 7231222
1141 189392
1142 9312677
1143 1730559
1144 6945141
1145 3814732
1146 6041562
1147 594460
1148 4114674
1149 7008407
1150 244925
1151 8466063
1152 807604
1153 258496
1154 1475338
1155 8536349
1156 4517279
1157 2175359
1158 3916238
1159 404652
1160 2280520
1161 3918023
1162 1786118
1163 3821693
1164 1978549
1165 8759223
1166 2022167
1167 7539385
1168 9160208
1169 2308042
1170 1082589
1171 5264887
1172 4365176
1173 5789567
1174 5354886
1175 2245972
1176 3142945
1177 5104887
1178 4859877
1179 7208873
1180 9425486
1181 8642074
1182 6667890
1183 955141
1184 9812978
1185 3057885
1186 3832070
1187 1946306
1188 5068247
1189 1398834
1190 4287961
1191 2816551
1192 9061755
1193 1563816
1194 997550
1195 2955670
1196 3948358
1197 6097128
1198 7810574
1199 4504569
1200 5463727
1201 5752742
1202 1960930
1203 7413557
1204 510830
1205 1978879
1206 5716533
1207 2000046
1208 5667205
1209 6600472
1210 8334649
1211 2510782
1212 379884
1213 574079
1214 3740583
1215 4159173
1216 3135774
1217 7484107
1218 6790571
1219 4892338
1220 7061231
1221 4685345
1222 9823349
1223 9062416
1224 7640277
1225 1753424
1226 9856969
1227 3937707
1228 2313937
1229 5903033
1230 5273131
1231 1571882
1232 9616519
1233 9086267
1234 501616
1235 5068055
1236 6483485
1237 1651825
1238 8537994
1239 4862573
1240 6075277
1241 4701558
1242 9303128
1243 8102611
1244 3656423
1245 8305102
1246 7766901
1247 911137
1248 7901546
1249 7211282
1250 9589435
1251 6388255
1252 9588664
1253 2504859
1254 2388173
1255 2640739
1256 5980275
1257 4874009
1258 5089072
1259 1142345
1260 3112599
1261 4082898
1262 7295581
1263 1502431
1264 5843899
1265 6678401
1266 3368421
1267 5540250
1268 2842730
1269 3865228
1270 5774644
1271 1787787
1272 1405594
1273 6294855
1274 2724206
1275 5002503
1276 2239993
1277 3178340
1278 914325
1279 6551245
1280 3132320
1281 7590829
1282 7380733
1283 7586230
1284 1200145
1285 2558187
1286 331601
1287 2068588
1288 9269496
1289 204531
1290 2977532
1291 2694723
1292 2790798
1293 4884746
1294 209388
1295 5317599
1296 5530670
1297 9459630
1298 1089695
1299 7492787
1300 6033297
1301 4131963
1302 8278359
1303 5672406
1304 7615940
1305 832437
1306 9395173
1307 7330341
1308 3689405
1309 9943443
1310 9110737
1311 9190387
1312 2850977
1313 9187863
1314 5534415
1315 8069929
1316 160842
1317 3065436
1318 2684952
1319 4156308
1320 5959934
1321 7513034
1322 5040697
1323 7607197
1324 8069668
1325 1409442
1326 7399041
1327 8773335
1328 4863846
1329 540927
1330 3862634
1331 4518205
1332 5056218
1333 4250430
1334 9027589
1335 5631376
1336 337820
1337 5761635
1338 6991679
1339 9940437
1340 2360796
1341 6969868
1342 6345301
1343 5102079
1344 8864334
1345 8806730
1346 4264988
1347 3552787
1348 1334207
1349 8064856
1350 1593418
1351 5147780
1352 8872379
1353 5218950
1354 4409040
1355 2811255
1356 1135918
1357 9653451
1358 6298327
1359 2695296
1360 4949815
1361 5805442
1362 2134954
1363 7865614
1364 8862558
1365 9355595
1366 2857313
1367 611451
1368 7454523
1369 2464115
1370 145367
1371 7530695
1372 3788315
1373 9292458
1374 6461323
1375 3124548
1376 9835638
1377 8982114
1378 7210459
1379 4411976
1380 6051729
1381 8526160
1382 4430029
1383 6052358
1384 8311004
1385 8961993
1386 5884315
1387 4842110
1388 356329
1389 3981844
1390 3818451
1391 2475646
1392 1324107
1393 6506580
1394 9611668
1395 7833969
1396 4913089
1397 5268813
1398 6403158
1399 4220216
1400 5355809
1401 1684268
1402 9063169
1403 9472181
1404 5297421
1405 3490439
1406 8043674
1407 2275922
1408 5398125
1409 8900993
1410 4681466
1411 6506842
1412 9518
1413 8692341
1414 7455746
1415 6015178
1416 594622
1417 6495882
1418 1939786
1419 216248
1420 1342149
1421 3843067
1422 4384718
1423 3326403
1424 8705175
1425 6915158
1426 9772168
1427 9382190
1428 9907347
1429 1585263
1430 3315043
1431 6816160
1432 3612669
1433 5376157
1434 3821602
1435 3510658
1436 8341223
1437 6655137
1438 5109512
1439 4096699
1440 2373262
1441 9993736
1442 7961988
1443 8518314
1444 8618405
1445 6434944
1446 564491
1447 3806585
1448 4480638
1449 4257957
1450 7279028
1451 1077863
1452 6207957
1453 9998001
1454 7221241
1455 3463293
1456 9005032
1457 1344259
1458 5953794
1459 1020659
1460 1030118
1461 8908828
1462 8404508
1463 6720559
1464 4401250
1465 5309076
1466 4621831
1467 9695510
1468 6727779
1469 5882035
1470 4458075
1471 6927291
1472 4663749
1473 3423168
1474 4833638
1475 9609785
1476 938419
1477 8693666
1478 7439328
1479 7900281
1480 6375489
1481 9431276
1482 3073742
1483 3281786
1484 9749066
1485 1931968
1486 7685611
1487 9628985
1488 2346865
1489 3376563
1490 7324349
1491 3531417
1492 613522
1493 3500560
1494 4994340
1495 7633999
1496 6231673
1497 9367372
1498 5928308
1499 3255414
1500 7922294
1501 656988
1502 7356114
1503 3766458
1504 3669405
1505 5437106
1506 8920986
1507 88914
1508 9475396
1509 8219637
1510 8814948
1511 2896565
1512 2010850
1513 2500701
1514 2308048
1515 3092881
1516 1382877
1517 4423014
1518 1658267
1519 9110462
1520 6255761
1521 7029118
1522 775402
1523 5039539
1524 5524006
1525 8405943
1526 9482958
1527 966863
1528 2328110
1529 968996
1530 6900698
1531 9317629
1532 67548
1533 4223334
1534 9554981
1535 2237032
1536 1917566
1537 7990187
1538 4112203
1539 6682093
1540 1052916
1541 271970
1542 2248325
1543 9872259
1544 8890380
1545 7098899
1546 1196164
1547 9563388
1548 9331622
1549 3569532
1550 6477007
1551 18562
1552 2480662
1553 705984
1554 6276408
1555 2902245
1556 8304714
1557 9824935
1558 8704099
1559 7534612
1560 5871985
1561 355545
1562 5674144
1563 222216
1564 203207
1565 195058
1566 1615015
1567 2002837
1568 6562216
1569 2409038
1570 4730276
1571 385463
1572 499665
1573 1637983
1574 2027890
1575 3107228
1576 5336665
1577 6228967
1578 3459477
1579 3242425
1580 4672566
1581 759183
1582 8006350
1583 120028
1584 8732602
1585 8327105
1586 3213704
1587 5386072
1588 2621279
1589 1798884
1590 406917
1591 3033709
1592 6712737
1593 268958
1594 7319892
1595 3695069
1596 5365045
1597 5542000
1598 6999588
1599 4896679
1600 204710
1601 4474361
1602 3726725
1603 5703991
1604 2026042
1605 8737888
1606 7462969
1607 2882475
1608 1845578
1609 548335
1610 8491050
1611 7966725
1612 214028
1613 9112598
1614 6685510
1615 9636882
1616 3070395
1617 1308235
1618 6254917
1619 9399287
1620 7447550
1621 801296
1622 8836960
1623 3010818
1624 782394
1625 5534498
1626 4897767
1627 9303618
1628 3533044
1629 9900527
1630 3275171
1631 5087015
1632 5421790
1633 4570914
1634 9960042
1635 3404869
1636 4559919
1637 9166603
1638 9166718
1639 5001015
1640 4502712
1641 1187616
1642 6513407
1643 7343604
1644 414584
1645 4623358
1646 2300384
1647 5415235
1648 9125273
1649 9117991
1650 5016259
1651 5590775
1652 1014364
1653 2267990
1654 666263
1655 3838626
1656 9854723
1657 4225647
1658 4042022
1659 9794297
1660 7568781
1661 2780069
1662 4559306
1663 7587077
1664 4385456
1665 5979615
1666 3600537
1667 7112504
1668 9039390
1669 3055262
1670 8325921
1671 1832496
1672 2749830
1673 7896937
1674 2305298
1675 4184269
1676 5646183
1677 7840275
1678 5864277
1679 8999259
1680 2249064
1681 4211430
1682 2276273
1683 2018829
1684 5547269
1685 7322340
1686 1857129
1687 5137149
1688 389514
1689 687639
1690 6235665
1691 1248575
1692 6544954
1693 4374661
1694 1084765
1695 4323337
1696 6695972
1697 3029783
1698 231129
1699 65286
1700 1989025
1701 1721547
1702 5500376
1703 3396253
1704 8674700
1705 6385642
1706 3781887
1707 5780246
1708 2857251
1709 2614306
1710 7938898
1711 8834766
1712 1726976
1713 9324134
1714 6758334
1715 6787469
1716 7622021
1717 1511972
1718 4625755
1719 7998925
1720 3775989
1721 1435705
1722 9774156
1723 8749614
1724 3277021
1725 6172646
1726 9012153
1727 1633945
1728 4148709
1729 9415696
1730 7140141
1731 976029
1732 9181961
1733 3754402
1734 9428382
1735 3019838
1736 244335
1737 8180424
1738 6643015
1739 7765754
1740 5661016
1741 8927126
1742 9595023
1743 7889311
1744 2864842
1745 5033455
1746 5361288
1747 2609771
1748 1121120
1749 9360310
1750 6614313
1751 7610276
1752 1690658
1753 4830350
1754 8441926
1755 7275607
1756 809212
1757 7729995
1758 8441113
1759 9616216
1760 8173988
1761 5299611
1762 2697999
1763 4070331
1764 4254163
1765 8631048
1766 6359071
1767 514464
1768 1853597
1769 9750985
1770 1549340
1771 364866
1772 3051337
1773 1255912
1774 6994746
1775 2092738
1776 4097343
1777 4565002
1778 8758232
1779 8766136
1780 299481
1781 9087579
1782 3520942
1783 1711733
1784 9557253
1785 687972
1786 8667896
1787 608121
1788 6128117
1789 8200917
1790 6115365
1791 9847307
1792 8389027
1793 7317727
1794 806677
1795 512375
1796 6135111
1797 1427593
1798 8711526
1799 2198673
1800 3004858
1801 4501013
1802 8598437
1803 533235
1804 167714
1805 1818537
1806 3405257
1807 8728992
1808 8738295
1809 591270
1810 481656
1811 9594451
1812 3202649
1813 8270700
1814 3481847
1815 7485190
1816 6539638
1817 9462136
1818 8246973
1819 8940302
1820 971592
1821 9466052
1822 2956241
1823 8125919
1824 3221468
1825 6775353
1826 7349859
1827 2971066
1828 6149507
1829 4495253
1830 2122675
1831 5818840
1832 5091771
1833 9234078
1834 4436711
1835 8307362
1836 3777207
1837 1190810
1838 6701206
1839 1743319
1840 2861194
1841 1911146
1842 5331846
1843 2876227
1844 6372320
1845 6593689
1846 3010712
1847 6192974
1848 2742369
1849 8641221
1850 676294
1851 4103008
1852 8512793
1853 6893545
1854 594988
1855 82935
1856 6076125
1857 4371817
1858 7969590
1859 1190084
1860 4088513
1861 4940858
1862 2320356
1863 3236480
1864 2091455
1865 6299441
1866 3862892
1867 1338977
1868 8215418
1869 780829
1870 2550793
1871 3755221
1872 5108488
1873 1023572
1874 7119757
1875 4118282
1876 7631465
1877 2162353
1878 5044119
1879 5560080
1880 6713560
1881 8695483
1882 3942239
1883 921283
1884 9769919
1885 7859878
1886 966808
1887 7056603
1888 1012437
1889 9293821
1890 2787156
1891 9964981
1892 5698091
1893 7185554
1894 3558450
1895 5490707
1896 3397770
1897 8833623
1898 7246974
1899 4728475
1900 4331932
1901 4844071
1902 2001358
1903 6771416
1904 2086212
1905 9437800
1906 3271696
1907 6747449
1908 4090736
1909 1002925
1910 6291777
1911 6747349
1912 2280236
1913 6011352
1914 9291552
1915 3695946
1916 1219210
1917 7408529
1918 8088510
1919 536960
1920 3737672
1921 7103074
1922 4099827
1923 8688890
1924 9324345
1925 4541957
1926 7909976
1927 5646033
1928 4886453
1929 3645968
1930 5559364
1931 6106510
1932 575799
1933 4404786
1934 6446909
1935 3009534
1936 9850402
1937 9000783
1938 9431132
1939 8750503
1940 3041371
1941 178961
1942 8714701
1943 4205751
1944 7916029
1945 796117
1946 9946462
1947 44260
1948 9480725
1949 4282231
1950 3191472
1951 7861347
1952 4097085
1953 1097820
1954 2876910
1955 374781
1956 4307435
1957 8668386
1958 2299675
1959 4529220
1960 2522822
1961 8337286
1962 9673435
1963 2471877
1964 7157179
1965 5551660
1966 4208788
1967 3493560
1968 4342510
1969 1689874
1970 3646922
1971 8407494
1972 9814555
1973 6528108
1974 7579395
1975 2172406
1976 1088633
1977 6729906
1978 3977542
1979 9545871
1980 4721605
1981 688211
1982 7064371
1983 5506285
1984 4581696
1985 5297397
1986 3341481
1987 6074740
1988 7053748
1989 3566277
1990 737916
1991 9502036
1992 3231456
1993 3165872
1994 1779404
1995 8712088
1996 9400645
1997 9340874
1998 3277502
1999 8920469
2000 7931267
2001 7129488
2002 2328444
2003 8034560
2004 3817209
2005 8476532
2006 8227974
2007 1664094
2008 9769791
2009 2068597
2010 8623844
2011 5393895
2012 7273990
2013 3233601
2014 7685483
2015 8252120
2016 3427977
2017 5694301
2018 9213553
2019 455311
2020 6073343
2021 7109021
2022 6303364
2023 1778389
2024 915737
2025 6191036
2026 7535399
2027 1942970
2028 1917711
2029 4522372
2030 2303971
2031 9391789
2032 7880422
2033 6052140
2034 8187651
2035 1911149
2036 4127346
2037 3777332
2038 9423674
2039 3235869
2040 8389747
2041 2008254
2042 2807709
2043 6365144
2044 9591674
2045 7744330
2046 8202478
2047 6422173
2048 7067095
2049 8405115
2050 5158845
2051 4400521
2052 1158499
2053 9088566
2054 9483189
2055 5939152
2056 5629573
2057 8853573
2058 716317
2059 6769433
2060 793166
2061 8057473
2062 2114157
2063 7817069
2064 5519874
2065 5921009
2066 3172982
2067 5427340
2068 2866841
2069 5224737
2070 9572138
2071 9346263
2072 9316192
2073 2417890
2074 4834331
2075 4520215
2076 7940047
2077 7003724
2078 647577
2079 554823
2080 5290260
2081 3190534
2082 5233476
2083 5291575
2084 1136749
2085 1764681
2086 1486993
2087 3155809
2088 3247114
2089 7919570
2090 9395402
2091 3870094
2092 112765
2093 5101812
2094 6970411
2095 6310282
2096 8396391
2097 1216781
2098 6943130
2099 8233565
2100 3055369
2101 7060402
2102 5203775
2103 6103300
2104 7804017
2105 5685041
2106 4711549
2107 715652
2108 1536304
2109 865459
2110 2563675
2111 2955336
2112 6194501
2113 2494162
2114 9517393
2115 6582964
2116 4061356
2117 7376700
2118 8297690
2119 5508252
2120 3113785
2121 940483
2122 5125630
2123 8426594
2124 3459626
2125 5793017
2126 1599344
2127 2600319
2128 319319
2129 1398729
2130 8670396
2131 3561175
2132 396485
2133 9707485
2134 6082686
2135 6821431
2136 3652753
2137 4969626
2138 9634379
2139 6273401
2140 4228245
2141 6084129
2142 1254506
2143 6662504
2144 4968787
2145 8466105
2146 9692067
2147 6217086
2148 5996432
2149 3086198
2150 4331876
2151 6223028
2152 6929107
2153 236879
2154 9548731
2155 4405081
2156 4623059
2157 7777854
2158 8929037
2159 8309522
2160 5934047
2161 5160065
2162 5335548
2163 2654871
2164 1833516
2165 1128781
2166 6283819
2167 1562351
2168 2017077
2169 7164532
2170 6697670
2171 1576179
2172 599004
2173 753233
2174 6067028
2175 1115754
2176 4284208
2177 59453
2178 1657129
2179 5213502
2180 6822226
2181 5449371
2182 2056026
2183 9392763
2184 4322299
2185 2972853
2186 8555505
2187 2024380
2188 3709570
2189 8933685
2190 6291419
2191 4931367
2192 8556432
2193 5110415
2194 2841898
2195 7680263
2196 6447539
2197 4614220
2198 2277038
2199 6657240
2200 528103
2201 4969503
2202 5736581
2203 4239070
2204 612279
2205 6267405
2206 4263806
2207 5929920
2208 2117034
2209 3225275
2210 2642336
2211 6790586
2212 5026139
2213 2701470
2214 2827213
2215 2263219
2216 5150403
2217 3410858
2218 8607646
2219 7320525
2220 4169216
2221 1469842
2222 7091657
2223 7799949
2224 8713890
2225 2710107
2226 5292437
2227 8408317
2228 4359944
2229 828266
2230 238113
2231 7240154
2232 1314471
2233 9678915
2234 6140527
2235 4750000
2236 7761216
2237 4115602
2238 7247543
2239 3026684
2240 2800460
2241 4011108
2242 493454
2243 1216207
2244 9033757
2245 455925
2246 8201826
2247 4669305
2248 4666667
2249 7914734
2250 9975459
2251 5307323
2252 7999666
2253 1406597
2254 1912559
2255 6699764
2256 1070434
2257 858396
2258 8170067
2259 9898242
2260 428564
2261 8725304
2262 4919663
2263 6702408
2264 4680895
2265 4193270
2266 2604791
2267 9794274
2268 4475132
2269 5668085
2270 4341682
2271 7817862
2272 1351731
2273 1817703
2274 9433811
2275 9640275
2276 4643495
2277 7167336
2278 4751617
2279 3529502
2280 8155343
2281 1798941
2282 1266223
2283 8452378
2284 3151497
2285 7904318
2286 352537
2287 343533
2288 7995596
2289 8153147
2290 4913594
2291 6628906
2292 3467700
2293 6017980
2294 1075583
2295 7181782
2296 4329064
2297 3930590
2298 418981
2299 6116278
2300 3478617
2301 8711224
2302 3767059
2303 9659952
2304 691867
2305 1674700
2306 6473588
2307 8222973
2308 1888904
2309 9469260
2310 2373138
2311 3332048
2312 3758106
2313 9908574
2314 6161032
2315 5051518
2316 1792322
2317 9959212
2318 4596568
2319 9338011
2320 3421512
2321 9643510
2322 9876742
2323 2047603
2324 6698901
2325 465017
2326 2570414
2327 3597763
2328 6329750
2329 850242
2330 1072539
2331 8739888
2332 8160242
2333 4232141
2334 2587912
2335 4499472
2336 2838169
2337 3909011
2338 9714508
2339 5850711
2340 4962243
2341 4452257
2342 7951566
2343 8689994
2344 8368362
2345 9966826
2346 2873422
2347 9720067
2348 1896874
2349 5635645
2350 4532922
2351 8086059
2352 4963157
2353 1680298
2354 4466227
2355 9916414
2356 7344090
2357 209669
2358 1331276
2359 6227046
2360 3358695
2361 5291451
2362 1676971
2363 2456766
2364 4786656
2365 543840
2366 8983156
2367 9659361
2368 2437943
2369 6320924
2370 8003151
2371 7783329
2372 798720
2373 5509342
2374 6287041
2375 4247627
2376 6969654
2377 9060410
2378 3557176
2379 4005458
2380 2030063
2381 6225608
2382 4987192
2383 8530589
2384 2609973
2385 9732575
2386 4526703
2387 6258784
2388 1056173
2389 7428272
2390 6138267
2391 5524051
2392 4541711
2393 2497822
2394 2185330
2395 8298208
2396 6012503
2397 5455665
2398 1257833
2399 9926888
2400 5159123
2401 4733289
2402 7806157
2403 1681447
2404 5469255
2405 629094
2406 8669849
2407 928154
2408 905858
2409 8209502
2410 706104
2411 779957
2412 3961531
2413 4408236
2414 840397
2415 29727
2416 5913285
2417 1624317
2418 5812169
2419 169079
2420 4842926
2421 9022290
2422 8366403
2423 1794823
2424 7510967
2425 7944579
2426 5620399
2427 1502678
2428 1714533
2429 1561815
2430 6550796
2431 392364
2432 4563340
2433 9538577
2434 4195438
2435 2742771
2436 7108070
2437 9984856
2438 9594104
2439 4855529
2440 3466815
2441 4122720
2442 7486856
2443 948236
2444 374685
2445 8985460
2446 9062434
2447 8375162
2448 392296
2449 1405840
2450 6010611
2451 7512101
2452 2078726
2453 8288288
2454 3789725
2455 5874395
2456 2666351
2457 8913139
2458 8766939
2459 5371469
2460 8799198
2461 368526
2462 6857136
2463 3976304
2464 2960761
2465 8875508
2466 7898556
2467 7685822
2468 8196077
2469 9485638
2470 808841
2471 5309206
2472 2834127
2473 7423625
2474 2438221
2475 7010096
2476 3172409
2477 1954969
2478 9007286
2479 6907620
2480 6631722
2481 9492094
2482 9003615
2483 8574152
2484 8300969
2485 4966050
2486 944372
2487 5203279
2488 219697
2489 552045
2490 7305245
2491 6598957
2492 8723782
2493 5555428
2494 9941833
2495 8559937
2496 7199183
2497 3068999
2498 9409908
2499 858236
2500 5998862
2501 3965997
2502 8907872
2503 9221246
2504 4186719
2505 1963975
2506 6343983
2507 1508741
2508 6607318
2509 961773
2510 9084519
2511 7463890
2512 2562098
2513 7742565
2514 3808967
2515 5663221
2516 698523
2517 997284
2518 2192065
2519 2218823
2520 6304661
2521 3150674
2522 9391543
2523 1051793
2524 7444144
2525 1483092
2526 8112584
2527 4724336
2528 4434852
2529 8025550
2530 4155444
2531 9487349
2532 4915003
2533 3130510
2534 7837612
2535 1112403
2536 1005813
2537 335048
2538 1687443
2539 765112
2540 3995325
2541 4255780
2542 978511
2543 8703403
2544 5386360
2545 4763176
2546 6871476
2547 7367073
2548 6926192
2549 1422917
2550 2573595
2551 8373431
2552 7453074
2553 6634131
2554 428385
2555 6501369
2556 4762181
2557 7595410
2558 8652333
2559 9279750
2560 8822456
2561 9063095
2562 6162233
2563 9899051
2564 9554868
2565 5636879
2566 8683719
2567 2413037
2568 5519319
2569 9449718
2570 8781086
2571 3476486
2572 694376
2573 1541818
2574 4983538
2575 2170443
2576 4038391
2577 9715553
2578 9214259
2579 8429092
2580 3571562
2581 850694
2582 5392357
2583 156087
2584 3261461
2585 6092823
2586 5424188
2587 8675529
2588 4418217
2589 5593941
2590 2055615
2591 2997298
2592 1550024
2593 3691504
2594 1247960
2595 1687427
2596 3647432
2597 6391372
2598 7297176
2599 9938216
2600 5704966
2601 3189256
2602 2634672
2603 4888354
2604 7670412
2605 2030803
2606 2119685
2607 3665478
2608 8826247
2609 5842443
2610 2649147
2611 3006238
2612 4704385
2613 6741340
2614 2706088
2615 2557275
2616 8895462
2617 7829798
2618 5362708
2619 224192
2620 3328497
2621 8270251
2622 5903119
2623 9204950
2624 4925421
2625 6838846
2626 4558625
2627 3059980
2628 6526915
2629 1084362
2630 4154994
2631 8751265
2632 1285093
2633 1775409
2634 3455247
2635 6620787
2636 2484107
2637 761205
2638 3308735
2639 8044564
2640 2399651
2641 498137
2642 8582095
2643 2283783
2644 5252869
2645 3870679
2646 949921
2647 4993830
2648 2059968
2649 6289821
2650 9733149
2651 1174130
2652 6127305
2653 5090300
2654 8276790
2655 4136510
2656 4676594
2657 6608414
2658 830700
2659 3164969
2660 221691
2661 1058784
2662 1454046
2663 2782759
2664 9776390
2665 7009287
2666 9989929
2667 1816008
2668 828852
2669 4776016
2670 1791280
2671 3442835
2672 3481182
2673 6356181
2674 8176530
2675 943928
2676 6170389
2677 115434
2678 6868049
2679 8546096
2680 7074148
2681 2789398
2682 2640050
2683 960078
2684 1057936
2685 1908219
2686 6252455
2687 3254210
2688 9957692
2689 6704860
2690 6476344
2691 8388382
2692 9501075
2693 2216971
2694 4045845
2695 821737
2696 1048448
2697 4599964
2698 7935144
2699 8491704
2700 626905
2701 3047668
2702 9767430
2703 5798877
2704 6962957
2705 1163223
2706 7950234
2707 5869001
2708 4789093
2709 9594818
2710 4804308
2711 9720993
2712 9834634
2713 9958539
2714 2905135
2715 9103039
2716 3555206
2717 2231220
2718 7859483
2719 9993708
2720 2835229
2721 8361297
2722 7020329
2723 7476990
2724 4117163
2725 8007442
2726 1898984
2727 4039097
2728 2779482
2729 9859180
2730 4130237
2731 9701448
2732 4910496
2733 4614385
2734 1848065
2735 853311
2736 8870403
2737 2625955
2738 3290436
2739 9924836
2740 1305795
2741 7568647
2742 652882
2743 501588
2744 968692
2745 244404
2746 7457362
2747 1915412
2748 8355515
2749 4519044
2750 1337134
2751 3321227
2752 7779138
2753 5657424
2754 9197647
2755 7421303
2756 1394341
2757 9298463
2758 5813466
2759 4699835
2760 3673775
2761 7366933
2762 5406537
2763 3225730
2764 2144301
2765 3531760
2766 603978
2767 2359543
2768 8842937
2769 9644549
2770 372453
2771 4166940
2772 5307350
2773 8388889
2774 777886
2775 7246862
2776 8729101
2777 4322009
2778 1657741
2779 3194500
2780 8567319
2781 9452064
2782 9261138
2783 9436238
2784 8318181
2785 4837343
2786 9218857
2787 7111795
2788 4724070
2789 4385886
2790 4028480
2791 5584569
2792 5720904
2793 5326482
2794 109847
2795 4078923
2796 7032466
2797 3577141
2798 205405
2799 5508137
2800 2596668
2801 9829198
2802 3511226
2803 7197793
2804 8950600
2805 1600375
2806 8110639
2807 9925010
2808 4207949
2809 6617480
2810 9930479
2811 7408484
2812 5174037
2813 9259366
2814 2782977
2815 1908981
2816 1354365
2817 9617870
2818 9664110
2819 9481340
2820 9857202
2821 547295
2822 169260
2823 7406922
2824 3486228
2825 4917287
2826 946446
2827 8765928
2828 939878
2829 5423226
2830 1492967
2831 7109722
2832 8438833
2833 4251694
2834 6725813
2835 9520400
2836 9864937
2837 5551959
2838 8182125
2839 7136493
2840 6519670
2841 4202816
2842 2129895
2843 5181702
2844 7748168
2845 5864975
2846 5892730
2847 8797808
2848 8058867
2849 9083115
2850 7714601
2851 4894811
2852 9304812
2853 9225454
2854 7374857
2855 78139
2856 2768645
2857 2366158
2858 2527085
2859 8611559
2860 4567949
2861 2823187
2862 9125901
2863 763530
2864 4363773
2865 2136304
2866 4953964
2867 807676
2868 2436585
2869 4581449
2870 1287475
2871 5676068
2872 2382971
2873 4184874
2874 2076536
2875 1941196
2876 3348519
2877 8730113
2878 2346219
2879 5594286
2880 7386129
2881 9057624
2882 4252030
2883 8431554
2884 3447384
2885 8783388
2886 1395536
2887 9189594
2888 2112173
2889 9179983
2890 3032059
2891 546705
2892 2723420
2893 3511755
2894 4760165
2895 6501078
2896 8674664
2897 8068538
2898 428711
2899 5504039
2900 4354457
2901 8041223
2902 8658206
2903 5270524
2904 898996
2905 6477952
2906 8493443
2907 8063664
2908 9492195
2909 8269447
2910 3813997
2911 3800603
2912 4650945
2913 2836810
2914 1094214
2915 9642074
2916 7058705
2917 161365
2918 279127
2919 9100812
2920 3955783
2921 9218789
2922 265869
2923 2594165
2924 6101199
2925 9499013
2926 437857
2927 8355688
2928 6166553
2929 8833292
2930 5232780
2931 1588376
2932 9919752
2933 9245727
2934 4815261
2935 6418790
2936 7448608
2937 9552209
2938 4915991
2939 4887263
2940 317697
2941 4574219
2942 6491445
2943 1245676
2944 6777353
2945 1060504
2946 5907795
2947 7654181
2948 3104717
2949 4047472
2950 7093722
2951 6708867
2952 3489607
2953 367014
2954 5345274
2955 2239798
2956 9773140
2957 7492757
2958 2131448
2959 7406098
2960 6812887
2961 2283524
2962 3633583
2963 8867259
2964 2691267
2965 8230210
2966 4876925
2967 2183458
2968 8246436
2969 6303108
2970 2522728
2971 5119373
2972 3637467
2973 6077801
2974 6501276
2975 7157257
2976 3764665
2977 4479163
2978 1750278
2979 2606918
2980 916863
2981 7029001
2982 6318572
2983 3716089
2984 4885235
2985 7153929
2986 126721
2987 6726707
2988 1130574
2989 7366695
2990 5762581
2991 2834349
2992 8529956
2993 2740204
2994 8176286
2995 7012229
2996 6489763
2997 9655407
2998 4892109
2999 6875684
3000 7819430
3001 6544432
3002 5840199
3003 338042
3004 1457937
3005 5470277
3006 2759847
3007 7855903
3008 3597851
3009 2197869
3010 1038210
3011 4297032
3012 6821792
3013 938377
3014 2760923
3015 2263622
3016 3416773
3017 9743043
3018 254357
3019 8388132
3020 3496034
3021 610769
3022 2184690
3023 1915465
3024 5829558
3025 89404
3026 2101857
3027 2040445
3028 8488024
3029 8673094
3030 2606190
3031 7560545
3032 9455132
3033 6031724
3034 1348044
3035 5450416
3036 8820304
3037 4736046
3038 8811078
3039 1492074
3040 791032
3041 9142885
3042 9200608
3043 8196781
3044 320248
3045 5845750
3046 5565736
3047 6315890
3048 9753122
3049 6464424
3050 3013390
3051 3488403
3052 1000521
3053 6220947
3054 7027311
3055 8311257
3056 3793799
3057 7130041
3058 2879216
3059 4296124
3060 9243910
3061 4367836
3062 350694
3063 4495946
3064 4714484
3065 9625232
3066 8467281
3067 9053940
3068 9264553
3069 1656266
3070 7255332
3071 6418667
3072 9450971
3073 600955
3074 8801848
3075 4386969
3076 6694689
3077 1974154
3078 3491347
3079 680309
3080 3218622
3081 5549438
3082 9586251
3083 5234206
3084 1451950
3085 4265394
3086 7270872
3087 4308539
3088 684951
3089 1323738
3090 3646186
3091 9376364
3092 5181734
3093 6106622
3094 8109326
3095 3576219
3096 6922392
3097 7211713
3098 818424
3099 1903261
3100 3824113
3101 8707608
3102 6643189
3103 9415516
3104 2226923
3105 7084858
3106 4989991
3107 6078682
3108 1472820
3109 2292569
3110 3619152
3111 2999215
3112 8133081
3113 7534764
3114 6751490
3115 2567764
3116 1227013
3117 6536924
3118 3257813
3119 7012367
3120 4253319
3121 8565930
3122 119429
3123 890383
3124 8166176
3125 7202611
3126 822278
3127 8449237
3128 7492124
3129 2652955
3130 6637961
3131 5620484
3132 136266
3133 6412372
3134 1755746
3135 7913235
3136 9347322
3137 2383116
3138 8723833
3139 7207208
3140 2642170
3141 7746021
3142 7067266
3143 3534411
3144 4120990
3145 8305624
3146 2469158
3147 7286918
3148 3390818
3149 6200396
3150 4027643
3151 5048578
3152 8681056
3153 7649220
3154 6159059
3155 8482542
3156 6205501
3157 6454454
3158 3014185
3159 9281805
3160 2017533
3161 1863432
3162 677086
3163 6465238
3164 1506627
3165 330358
3166 1668294
3167 5653567
3168 8770567
3169 2883204
3170 3307467
3171 9881796
3172 11139
3173 7021267
3174 9525396
3175 765283
3176 4231607
3177 82525
3178 7999756
3179 2892951
3180 3279585
3181 6485195
3182 204177
3183 2097771
3184 9814485
3185 1394274
3186 2443307
3187 4847894
3188 5661099
3189 6621641
3190 2443750
3191 9094284
3192 8331020
3193 5547215
3194 8863520
3195 2650238
3196 549655
3197 9512150
3198 7034079
3199 8648514
3200 7142117
3201 1582271
3202 5986960
3203 5321776
3204 3466029
3205 2155973
3206 644319
3207 5146255
3208 5612091
3209 6529392
3210 7009747
3211 787292
3212 2145505
3213 1480498
3214 612909
3215 1588944
3216 7619051
3217 4373271
3218 9066418
3219 3616551
3220 8515977
3221 433324
3222 4393762
3223 8041540
3224 894901
3225 5410105
3226 2167669
3227 410537
3228 4147023
3229 819785
3230 9699251
3231 2636852
3232 2063127
3233 6003625
3234 486897
3235 872363
3236 8945362
3237 4250629
3238 2060058
3239 7366420
3240 6677211
3241 5566303
3242 5625024
3243 8613305
3244 4612594
3245 4829028
3246 6039777
3247 8388478
3248 3228666
3249 5558688
3250 9372929
3251 8183852
3252 9611681
3253 5244110
3254 3616832
3255 365302
3256 1765214
3257 4073599
3258 6769547
3259 7098135
3260 3217405
3261 6742354
3262 2123654
3263 9632219
3264 4624724
3265 9653228
3266 5956180
3267 506410
3268 7691748
3269 9879161
3270 4822566
3271 9156830
3272 8068353
3273 4702985
3274 1485864
3275 7591780
3276 8372941
3277 5422071
3278 5280443
3279 6206529
3280 1727884
3281 8651810
3282 7826553
3283 6237657
3284 4715752
3285 9233483
3286 1250737
3287 8233682
3288 6686650
3289 1656361
3290 1853211
3291 8234533
3292 3842065
3293 7168992
3294 9567505
3295 2329751
3296 9173790
3297 4740499
3298 2147896
3299 7504839
3300 1061440
3301 9314848
3302 3941003
3303 3132240
3304 9711885
3305 8574478
3306 8292148
3307 7569266
3308 3830730
3309 1464517
3310 8653491
3311 6370026
3312 3894387
3313 9443646
3314 8723085
3315 5189981
3316 445152
3317 3329163
3318 3981251
3319 2275070
3320 7596937
3321 8859697
3322 1862531
3323 5647865
3324 8710084
3325 2309025
3326 5373495
3327 8894430
3328 3128870
3329 7323019
3330 4376715
3331 7283788
3332 1983351
3333 9352248
3334 3962763
3335 5099785
3336 5003273
3337 1999615
3338 9911724
3339 8488044
3340 9849663
3341 6156718
3342 2211872
3343 8227165
3344 8382691
3345 8571373
3346 2374575
3347 6949461
3348 3875761
3349 6956650
3350 5475578
3351 5167683
3352 3524583
3353 9688186
3354 1509790
3355 532154
3356 4249995
3357 2302619
3358 5336947
3359 9018778
3360 590814
3361 6877183
3362 1483776
3363 1032875
3364 8426933
3365 1799448
3366 3957765
3367 6344083
3368 1083646
3369 2232561
3370 1883835
3371 1018774
3372 5117252
3373 6656616
3374 7112794
3375 8446807
3376 6392234
3377 4169190
3378 6029136
3379 6962282
3380 200
3381 5981725
3382 1251583
3383 8259255
3384 4246771
3385 5183625
3386 9359346
3387 2776550
3388 8428108
3389 8964639
3390 4321382
3391 2215131
3392 2295212
3393 8897488
3394 7411910
3395 7273576
3396 1592304
3397 2521425
3398 6622715
3399 263711
3400 6576309
3401 3704644
3402 7237989
3403 9891221
3404 9606308
3405 8045472
3406 481904
3407 7993278
3408 1798495
3409 5919513
3410 8104992
3411 6496507
3412 8249506
3413 2473480
3414 8868527
3415 2860339
3416 7146567
3417 8767147
3418 6045719
3419 3635253
3420 209900
3421 5684080
3422 1714871
3423 6194261
3424 4327129
3425 1331363
3426 9970571
3427 2751205
3428 5693576
3429 9112095
3430 6641574
3431 4766492
3432 5408747
3433 4212533
3434 4949961
3435 271986
3436 5119824
3437 4757518
3438 2370059
3439 3022497
3440 8610734
3441 2409626
3442 4034224
3443 9079202
3444 4710850
3445 5634907
3446 6045509
3447 2407408
3448 2448226
3449 3047604
3450 4766463
3451 8126583
3452 3918327
3453 5321951
3454 8926516
3455 4116562
3456 4644848
3457 3149590
3458 7566539
3459 4410109
3460 3542813
3461 1925190
3462 9295239
3463 5464077
3464 4661
3465 2744981
3466 7231398
3467 5822949
3468 1906250
3469 8365950
3470 6442667
3471 8411118
3472 337345
3473 8830148
3474 3248553
3475 4170985
3476 8114931
3477 2218955
3478 3888444
3479 5603429
3480 2549098
3481 767393
3482 8405317
3483 3615487
3484 1246298
3485 7720578
3486 533841
3487 6500118
3488 8147491
3489 9695891
3490 3343088
3491 6715604
3492 6140338
3493 7029423
3494 7530269
3495 6986754
3496 9374685
3497 372400
3498 9822859
3499 8255980
3500 4850507
3501 5611988
3502 7819189
3503 1843826
3504 5569611
3505 6617998
3506 2548141
3507 8494532
3508 1478873
3509 3097502
3510 9465315
3511 1497939
3512 8159597
3513 599850
3514 3283166
3515 5292886
3516 2519011
3517 7481424
3518 4194902
3519 7160713
3520 6446192
3521 6524757
3522 4060249
3523 9732896
3524 9621131
3525 2044968
3526 3101335
3527 3018905
3528 2777142
3529 8252910
3530 5546612
3531 3407845
3532 237421
3533 6893912
3534 7782795
3535 354736
3536 6017559
3537 6861992
3538 9699756
3539 7735566
3540 5006731
3541 8491940
3542 8045967
3543 9450237
3544 9053789
3545 1567090
3546 8213696
3547 1773354
3548 4116775
3549 5711765
3550 7010101
3551 8597054
3552 441833
3553 5141196
3554 1820875
3555 5622819
3556 3862177
3557 5328958
3558 6927050
3559 7719067
3560 8611778
3561 5960766
3562 4441041
3563 1257445
3564 2607883
3565 8438335
3566 1385485
3567 5040724
3568 7303428
3569 3744796
3570 5628254
3571 5533995
3572 1800932
3573 4218272
3574 7309903
3575 392558
3576 4372241
3577 9948019
3578 9899755
3579 1606635
3580 9577117
3581 6093876
3582 5595759
3583 6323439
3584 5673122
3585 9781718
3586 7867046
3587 1165274
3588 2269188
3589 836658
3590 7364474
3591 1449033
3592 2836965
3593 63429
3594 9274991
3595 7632371
3596 2304694
3597 1397064
3598 4991464
3599 8570692
3600 93507
3601 9929638
3602 4134210
3603 603777
3604 3290848
3605 6541641
3606 81680
3607 7399385
3608 8470407
3609 5999493
3610 8526574
3611 1600834
3612 1234522
3613 9744378
3614 5952736
3615 5064853
3616 8110922
3617 3977637
3618 441370
3619 3877511
3620 5622320
3621 931578
3622 2917201
3623 6474486
3624 3896234
3625 9268466
3626 3480654
3627 4347951
3628 9964588
3629 5043837
3630 8848779
3631 783153
3632 3753441
3633 3312566
3634 851097
3635 5138013
3636 8465307
3637 9359485
3638 208403
3639 9469779
3640 5381708
3641 5040505
3642 8903221
3643 9947141
3644 5267589
3645 840254
3646 8428539
3647 7694937
3648 2951960
3649 9527482
3650 2533918
3651 4902544
3652 4569057
3653 2744773
3654 9902085
3655 248698
3656 938114
3657 7794853
3658 33506
3659 9868802
3660 5237798
3661 3904691
3662 7366761
3663 1154165
3664 4566416
3665 678848
3666 3812817
3667 988014
3668 6400175
3669 9537806
3670 9197239
3671 2722522
3672 134589
3673 6645544
3674 8742244
3675 5495540
3676 1452700
3677 4546459
3678 8932222
3679 5558870
3680 7931082
3681 3720052
3682 1200642
3683 5425209
3684 2330697
3685 8727466
3686 716548
3687 8488679
3688 4633730
3689 9759910
3690 304379
3691 3625536
3692 6301386
3693 2640979
3694 6480141
3695 7812810
3696 9324392
3697 4283515
3698 4129407
3699 747084
3700 2271271
3701 2568741
3702 5347221
3703 2598001
3704 7827984
3705 4422464
3706 803020
3707 7669071
3708 5189159
3709 199805
3710 2028497
3711 1656844
3712 5547465
3713 6517238
3714 9089055
3715 376016
3716 1654144
3717 962612
3718 1380779
3719 5192980
3720 8514085
3721 9054137
3722 6528697
3723 77464
3724 3940254
3725 8920403
3726 7092095
3727 9173808
3728 4094982
3729 7289964
3730 8335919
3731 5190326
3732 4430525
3733 3683469
3734 2096826
3735 8149250
3736 3289739
3737 2813976
3738 9917189
3739 1256617
3740 1115132
3741 6362836
3742 7924610
3743 6735845
3744 528951
3745 1521349
3746 9191158
3747 3325365
3748 1655847
3749 7800948
3750 2491778
3751 3943747
3752 8866058
3753 5093024
3754 2185706
3755 9017484
3756 3516680
3757 6526227
3758 1787401
3759 7808454
3760 4758746
3761 9437942
3762 8852377
3763 7491430
3764 8255824
3765 2901556
3766 8868946
3767 5546890
3768 6987305
3769 6207766
3770 2375009
3771 2966385
3772 7260668
3773 9516102
3774 5305513
3775 8265618
3776 1928521
3777 9597396
3778 3839392
3779 4022181
3780 550123
3781 5170913
3782 1725932
3783 8069004
3784 3751977
3785 6100435
3786 3456076
3787 116767
3788 6644857
3789 9861203
3790 1322597
3791 5261661
3792 9303576
3793 3783611
3794 7470994
3795 6027979
3796 5124994
3797 3713930
3798 9951901
3799 2138613
3800 5265216
3801 5485341
3802 8996864
3803 3391368
3804 4590555
3805 9191670
3806 4954388
3807 4717327
3808 3991098
3809 2976977
3810 786080
3811 3329178
3812 3912720
3813 128648
3814 5475939
3815 1833802
3816 5580825
3817 1638506
3818 3284652
3819 6603581
3820 6905821
3821 9693140
3822 7569456
3823 6875820
3824 6415569
3825 7315132
3826 5605672
3827 5197107
3828 4370945
3829 5718532
3830 1194223
3831 8019260
3832 5173090
3833 9020801
3834 6400674
3835 3721683
3836 9267920
3837 6469633
3838 8412942
3839 7288534
3840 3506679
3841 1489809
3842 747820
3843 9676991
3844 8613829
3845 7564126
3846 5502444
3847 2814392
3848 8905363
3849 9472968
3850 1332715
3851 9910165
3852 4717729
3853 4899081
3854 2393613
3855 307105
3856 7625776
3857 190634
3858 6127059
3859 8941491
3860 5454595
3861 5263413
3862 3973829
3863 2182598
3864 9054960
3865 2507669
3866 9734457
3867 5487561
3868 2719380
3869 5244331
3870 4003224
3871 271538
3872 1654995
3873 8067678
3874 1026426
3875 7644582
3876 8849831
3877 2461254
3878 1894089
3879 4305334
3880 8452517
3881 9073553
3882 4566097
3883 6760028
3884 3531304
3885 285635
3886 3434142
3887 7333260
3888 1416832
3889 4468496
3890 2935219
3891 6304550
3892 4641222
3893 5812305
3894 6086459
3895 4617526
3896 6562990
3897 5232641
3898 6225842
3899 5818368
3900 4732684
3901 8261071
3902 3076658
3903 6259865
3904 6048401
3905 6864736
3906 7812011
3907 5865856
3908 1159175
3909 3250118
3910 6288361
3911 7599663
3912 9784206
3913 8060762
3914 668598
3915 7943414
3916 9656126
3917 4559580
3918 2709057
3919 8819701
3920 9072230
3921 2128049
3922 9765801
3923 2676844
3924 3976524
3925 5567928
3926 308353
3927 375046
3928 1228399
3929 2497465
3930 9364908
3931 3095031
3932 3844933
3933 5909840
3934 7540892
3935 3775835
3936 6950293
3937 1367347
3938 7122298
3939 8452534
3940 4046935
3941 4963732
3942 9076325
3943 3386205
3944 1004582
3945 8713673
3946 485444
3947 1452523
3948 5731120
3949 4507598
3950 3962032
3951 4506048
3952 2318819
3953 7301462
3954 9079276
3955 3702851
3956 2155839
3957 9943713
3958 3842289
3959 1393912
3960 6736178
3961 741324
3962 2172748
3963 1639371
3964 1550422
3965 5860774
3966 1330328
3967 8270029
3968 3257948
3969 1888217
3970 6729685
3971 6470474
3972 3591698
3973 5107170
3974 5966075
3975 6469401
3976 5635198
3977 3384535
3978 9528912
3979 3218548
3980 1991357
3981 1540820
3982 994125
3983 4685596
3984 1179993
3985 1926115
3986 9508737
3987 3620618
3988 4640081
3989 942298
3990 6299506
3991 4631846
3992 7717065
3993 1892439
3994 1139948
3995 6206894
3996 8647020
3997 129067
3998 3669493
3999 9540373
4000 1914224
4001 6997005
4002 463393
4003 2383125
4004 2819287
4005 3057942
4006 2974110
4007 1124639
4008 9669458
4009 7363050
4010 598869
4011 7854475
4012 7948441
4013 7848081
4014 4023877
4015 2900651
4016 2871764
4017 2026970
4018 786313
4019 6979888
4020 8856538
4021 2845223
4022 5738067
4023 8825403
4024 8415081
4025 3064392
4026 8036308
4027 1438459
4028 7460
4029 5484023
4030 2350316
4031 1700988
4032 7427805
4033 3194756
4034 1281451
4035 2080801
4036 7428522
4037 3131923
4038 3464302
4039 9017483
4040 7552670
4041 6916926
4042 2937615
4043 5202219
4044 805866
4045 8166100
4046 5781102
4047 4254157
4048 4591230
4049 6017749
4050 7991842
4051 9766542
4052 8311104
4053 7302410
4054 5328962
4055 2452256
4056 3448719
4057 2795735
4058 3841314
4059 5743882
4060 2448447
4061 2488406
4062 4747384
4063 1007657
4064 3738205
4065 7619360
4066 7491531
4067 3709840
4068 3451025
4069 3326800
4070 4335406
4071 1682971
4072 5476672
4073 7654191
4074 4785917
4075 5200419
4076 4479676
4077 423568
4078 4500569
4079 1751301
4080 1965688
4081 726405
4082 2565457
4083 9367341
4084 5243927
4085 6807450
4086 5259540
4087 5581250
4088 4233593
4089 1830483
4090 4680481
4091 1081392
4092 1724407
4093 678426
4094 3065796
4095 2822701
4096 7204420
4097 9450764
4098 8465134
4099 949728
4100 913566
4101 5544580
4102 5996537
4103 2677989
4104 3304036
4105 7946087
4106 6057528
4107 7582856
4108 6498605
4109 225287
4110 1377974
4111 4037221
4112 1307695
4113 5511454
4114 8147552
4115 254609
4116 5774059
4117 3595968
4118 3387419
4119 9575414
4120 6239911
4121 4011994
4122 4865377
4123 7690501
4124 6012085
4125 5740664
4126 2676292
4127 2679634
4128 9033341
4129 1714246
4130 5412906
4131 7319479
4132 2047984
4133 3864412
4134 8879440
4135 3405833
4136 1347036
4137 2089002
4138 4803740
4139 7377003
4140 2476221
4141 1519551
4142 2476168
4143 1539643
4144 1989334
4145 9819174
4146 7767863
4147 2243522
4148 44830
4149 2837785
4150 1732070
4151 9797859
4152 5819010
4153 4508713
4154 3611762
4155 3936775
4156 9973406
4157 3529112
4158 8828890
4159 4639066
4160 1225728
4161 3836060
4162 9094631
4163 83964
4164 9290621
4165 7207096
4166 531003
4167 3725414
4168 621268
4169 7230840
4170 7523541
4171 9079471
4172 5374236
4173 5915041
4174 7400933
4175 3226654
4176 8781641
4177 8581335
4178 114772
4179 9259986
4180 3138809
4181 6029393
4182 3992920
4183 140506
4184 7447207
4185 5747388
4186 9741652
4187 9076727
4188 1376054
4189 9734879
4190 7633146
4191 8714259
4192 2627736
4193 4483064
4194 5165990
4195 8613932
4196 3586727
4197 1368529
4198 4536813
4199 6793833
4200 8966409
4201 6493358
4202 3080131
4203 7534057
4204 9488053
4205 5667983
4206 7233258
4207 7617131
4208 772434
4209 4725093
4210 4845908
4211 4963263
4212 6930748
4213 120616
4214 8163130
4215 6640168
4216 7381537
4217 9751901
4218 8156827
4219 5727389
4220 650396
4221 2638900
4222 9538775
4223 255903
4224 3058577
4225 6710578
4226 6622199
4227 7568527
4228 8055994
4229 8563056
4230 8877423
4231 7592537
4232 9613290
4233 1022229
4234 6639112
4235 1649976
4236 7092493
4237 4552615
4238 5234849
4239 2303765
4240 9232347
4241 5490899
4242 797822
4243 8915411
4244 3823915
4245 2381820
4246 4913531
4247 5303756
4248 957463
4249 9348196
4250 8240483
4251 7805631
4252 9828099
4253 6303313
4254 6503753
4255 3843895
4256 4677004
4257 6632746
4258 1262552
4259 1561199
4260 633267
4261 6795976
4262 9623913
4263 9379298
4264 4005749
4265 2977507
4266 8390399
4267 3639435
4268 5490628
4269 5171103
4270 666445
4271 9566696
4272 1826887
4273 5149498
4274 6618713
4275 6670507
4276 8977465
4277 7791715
4278 7242087
4279 9847090
4280 2958406
4281 571656
4282 294207
4283 2596522
4284 8703880
4285 2695478
4286 6616089
4287 7933862
4288 4364724
4289 5636857
4290 5883018
4291 5110366
4292 312761
4293 2715890
4294 7016936
4295 3395574
4296 2795833
4297 7501938
4298 5273750
4299 3624272
4300 6919517
4301 2114667
4302 9931340
4303 5791648
4304 8302835
4305 1202863
4306 4227166
4307 5525002
4308 1090740
4309 988864
4310 5611776
4311 5322096
4312 5235163
4313 5044792
4314 8560304
4315 2206177
4316 6610278
4317 3433145
4318 3435675
4319 2196702
4320 4683325
4321 7442896
4322 2108805
4323 9213056
4324 9791937
4325 9197029
4326 8118676
4327 7294361
4328 7551683
4329 3987007
4330 3123775
4331 7045289
4332 7737568
4333 6802548
4334 6299826
4335 4733245
4336 808753
4337 8885539
4338 7558130
4339 9516908
4340 1809698
4341 2516858
4342 3854127
4343 1842593
4344 9203789
4345 951134
4346 9700443
4347 6931359
4348 9777991
4349 4368180
4350 5639220
4351 1711938
4352 7913170
4353 8834708
4354 824816
4355 4887873
4356 862939
4357 1438076
4358 9357835
4359 5457941
4360 3130367
4361 9420786
4362 6057452
4363 4897905
4364 4760472
4365 9799586
4366 4166963
4367 8082349
4368 5962279
4369 8892092
4370 1790525
4371 5991262
4372 1081558
4373 6047699
4374 2829722
4375 5779319
4376 4479989
4377 7998725
4378 3532058
4379 3221927
4380 6351919
4381 548461
4382 8801117
4383 2699767
4384 5312695
4385 514120
4386 5687840
4387 3747544
4388 9338152
4389 9553943
4390 860978
4391 2572604
4392 7118596
4393 4986691
4394 837362
4395 9748699
4396 8164047
4397 4736439
4398 2255929
4399 3915988
4400 23176
4401 3884321
4402 3652153
4403 4425837
4404 3571633
4405 6028688
4406 3318271
4407 6614513
4408 9542710
4409 8508290
4410 8663204
4411 3743518
4412 2119056
4413 7341958
4414 8809367
4415 1737663
4416 1263880
4417 1376087
4418 462495
4419 3131332
4420 9725073
4421 4188051
4422 4794019
4423 1633490
4424 192740
4425 5927304
4426 2167208
4427 5237766
4428 5713683
4429 6061252
4430 1688352
4431 1036736
4432 2949900
4433 6483896
4434 8589312
4435 2829116
4436 4233364
4437 7039313
4438 541451
4439 7322771
4440 7387433
4441 1927834
4442 651991
4443 4377821
4444 8141971
4445 722345
4446 3272813
4447 7028895
4448 1066684
4449 7944987
4450 7130104
4451 5516475
4452 4722428
4453 9909091
4454 3379083
4455 3670147
4456 151062
4457 1764403
4458 8759675
4459 6098199
4460 3790835
4461 3325302
4462 5927657
4463 4372134
4464 8427408
4465 8281285
4466 902126
4467 825668
4468 5695228
4469 1140363
4470 7669879
4471 7728735
4472 1163402
4473 1672722
4474 7814400
4475 2386824
4476 4933818
4477 3615993
4478 9126413
4479 7170022
4480 9166594
4481 4175809
4482 7737976
4483 4687445
4484 8821961
4485 370390
4486 905701
4487 4631086
4488 5168082
4489 821157
4490 8304350
4491 9285105
4492 1738262
4493 7644219
4494 8110425
4495 3180635
4496 1727020
4497 7671595
4498 7337336
4499 5226185
4500 5695396
4501 7945424
4502 9650006
4503 1444300
4504 6200644
4505 8282503
4506 8221398
4507 8345108
4508 2504786
4509 4780193
4510 9130130
4511 2117168
4512 3290936
4513 7231130
4514 7722932
4515 3506210
4516 1963116
4517 3251703
4518 9148309
4519 7160051
4520 4163690
4521 2042720
4522 8710605
4523 8515127
4524 3257437
4525 1270014
4526 9474690
4527 5263919
4528 9243461
4529 9528346
4530 5162156
4531 2474579
4532 1763378
4533 9214745
4534 5340786
4535 4416379
4536 3089839
4537 6916613
4538 3447137
4539 6528227
4540 5007509
4541 7490441
4542 7197363
4543 6178570
4544 7441904
4545 9043339
4546 8370264
4547 8367414
4548 1506808
4549 9563717
4550 2230409
4551 3274884
4552 2319416
4553 9971502
4554 5642080
4555 7894849
4556 4982089
4557 5945960
4558 2550728
4559 8823431
4560 244791
4561 7941274
4562 6448840
4563 6155001
4564 2216785
4565 7874608
4566 5079263
4567 4000840
4568 837191
4569 3587215
4570 118601
4571 1993120
4572 6536118
4573 9689739
4574 955398
4575 8110387
4576 9273884
4577 1033497
4578 7511465
4579 111919
4580 8412349
4581 471825
4582 4851491
4583 7298577
4584 8856382
4585 65335
4586 8502250
4587 4136902
4588 488117
4589 3536445
4590 8944675
4591 2460238
4592 9521176
4593 3415016
4594 7195413
4595 6395318
4596 119288
4597 354258
4598 1098269
4599 1770247
4600 5734568
4601 6748174
4602 1147570
4603 5059095
4604 8229264
4605 5499510
4606 9285613
4607 1331001
4608 2947241
4609 9538834
4610 8005153
4611 8602616
4612 3463038
4613 7205900
4614 7016838
4615 3401849
4616 1659717
4617 2987936
4618 7818590
4619 4963198
4620 6025789
4621 5787330
4622 6611399
4623 4247099
4624 4512112
4625 8818114
4626 8253783
4627 4623129
4628 9525266
4629 9846907
4630 9592152
4631 2505145
4632 7167452
4633 4627485
4634 1864492
4635 309007
4636 4722951
4637 9455350
4638 4964552
4639 735727
4640 9026667
4641 3582289
4642 9899115
4643 535879
4644 6399027
4645 3587400
4646 9845096
4647 1406750
4648 6594508
4649 501388
4650 8294341
4651 2501564
4652 7576092
4653 3558513
4654 6314820
4655 7915657
4656 2404207
4657 8527100
4658 7259451
4659 801554
4660 1710547
4661 769330
4662 4819007
4663 811086
4664 9673524
4665 3803839
4666 5370460
4667 6703468
4668 3928388
4669 3133187
4670 1638410
4671 3472230
4672 4927188
4673 9478052
4674 6504146
4675 6665200
4676 6628876
4677 15567
4678 6647120
4679 8681895
4680 5317408
4681 4126305
4682 5380377
4683 8078874
4684 5158502
4685 2358225
4686 3809425
4687 2716560
4688 5839882
4689 3790525
4690 248154
4691 4279
4692 8931820
4693 7544852
4694 3388275
4695 802296
4696 5970444
4697 8376034
4698 8783806
4699 4145267
4700 7963617
4701 1854275
4702 8501802
4703 4871146
4704 6891722
4705 5741640
4706 6174064
4707 7433168
4708 5466329
4709 9194356
4710 2902587
4711 1436797
4712 7176672
4713 8767185
4714 1849032
4715 4651366
4716 5851621
4717 9017808
4718 564013
4719 9830078
4720 9320120
4721 9137606
4722 2889983
4723 9404311
4724 8618149
4725 9581002
4726 4236213
4727 225675
4728 7447925
4729 8190526
4730 7074010
4731 7265639
4732 7755506
4733 3253524
4734 4569522
4735 7381082
4736 9890740
4737 5788246
4738 2871360
4739 4694078
4740 5180709
4741 1474089
4742 5335458
4743 4435210
4744 3103186
4745 3758398
4746 7734767
4747 6062542
4748 8823638
4749 2245096
4750 1934320
4751 803567
4752 2654145
4753 6496249
4754 7329477
4755 9217925
4756 3803589
4757 5091234
4758 2952718
4759 7968594
4760 112902
4761 8604371
4762 4215445
4763 8778445
4764 7250794
4765 2384851
4766 8376342
4767 6679151
4768 9140349
4769 1094296
4770 186284
4771 9337883
4772 331838
4773 4995632
4774 5461804
4775 917249
4776 3646147
4777 5030612
4778 4173019
4779 8829733
4780 1086315
4781 7512658
4782 9138003
4783 7462694
4784 412452
4785 722314
4786 7865940
4787 1772816
4788 8723935
4789 3212177
4790 5054187
4791 4058918
4792 7822465
4793 8523815
4794 567879
4795 7851300
4796 5049810
4797 5754601
4798 2793086
4799 9711153
4800 9255261
4801 4216614
4802 5093534
4803 6662100
4804 1131999
4805 3115254
4806 3364194
4807 5860938
4808 3864539
4809 982605
4810 3230910
4811 7314060
4812 1966783
4813 1547738
4814 6320967
4815 3094863
4816 7784213
4817 4298299
4818 6899843
4819 1148746
4820 5799247
4821 8989106
4822 4024727
4823 253083
4824 5607289
4825 6000003
4826 8258707
4827 4361499
4828 9282908
4829 3641868
4830 3912789
4831 5044709
4832 1580189
4833 8406860
4834 2584323
4835 361639
4836 5339036
4837 8112219
4838 9045875
4839 1393692
4840 7882206
4841 2722134
4842 3283735
4843 880973
4844 5303625
4845 5593969
4846 7518454
4847 5292739
4848 6956996
4849 5245612
4850 1610309
4851 7511717
4852 8911058
4853 7906372
4854 323207
4855 4978036
4856 177812
4857 2247297
4858 2092427
4859 3149968
4860 7775286
4861 4824025
4862 7800572
4863 330711
4864 1943964
4865 5129267
4866 1020462
4867 9819061
4868 1710849
4869 8007334
4870 3640749
4871 7802550
4872 2374300
4873 9011831
4874 8155307
4875 9461564
4876 4055972
4877 491718
4878 2025963
4879 2668125
4880 2074980
4881 8676850
4882 2468433
4883 261299
4884 7754538
4885 3082681
4886 1223076
4887 5152792
4888 4662855
4889 9503308
4890 6451143
4891 7795093
4892 2524621
4893 7386734
4894 8163385
4895 4856637
4896 5361353
4897 9757517
4898 6214341
4899 1465210
4900 4695831
4901 5682979
4902 3853922
4903 418924
4904 9279854
4905 1046406
4906 586038
4907 1637874
4908 795207
4909 7237781
4910 9453884
4911 7276682
4912 4477651
4913 1058556
4914 5216294
4915 5986021
4916 5961304
4917 1130562
4918 82368
4919 7712309
4920 3316831
4921 9361511
4922 438531
4923 8191802
4924 2621265
4925 2844650
4926 60269
4927 9808139
4928 2784727
4929 4448969
4930 9754498
4931 2934224
4932 6718839
4933 571628
4934 3590436
4935 8853742
4936 6607794
4937 966886
4938 9703425
4939 4059936
4940 406448
4941 7400232
4942 8130932
4943 2029494
4944 6284968
4945 3899698
4946 561255
4947 2621115
4948 3670806
4949 5418754
4950 9864127
4951 2526234
4952 813094
4953 215770
4954 4091858
4955 1114767
4956 9056661
4957 9067044
4958 1204814
4959 481837
4960 4032408
4961 3157347
4962 6071468
4963 7717437
4964 3379554
4965 4779912
4966 3095500
4967 2189417
4968 5232467
4969 5727327
4970 1462904
4971 6487832
4972 6514888
4973 9939546
4974 973794
4975 8031684
4976 6487022
4977 3278790
4978 9463991
4979 3774058
4980 8969307
4981 26850
4982 3582568
4983 3189
4984 3799103
4985 5690438
4986 2625947
4987 9833990
4988 2860768
4989 8597695
4990 6527925
4991 6674234
4992 8456953
4993 1381467
4994 8760365
4995 3951009
4996 9782256
4997 4705005
4998 5774414
4999 3763341
5000 4063977
5001 4369201
5002 4633529
5003 3354128
5004 8838595
5005 3727219
5006 5148061
5007 8930647
5008 2486232
5009 4952132
5010 4743166
5011 7534836
5012 4410091
5013 7057628
5014 111644
5015 2552948
5016 7071004
5017 7046454
5018 4258477
5019 6695006
5020 8930367
5021 3450272
5022 3202952
5023 4763625
5024 1876563
5025 8036464
5026 6772628
5027 5149003
5028 4725912
5029 39887
5030 7332324
5031 7795502
5032 9107589
5033 7233458
5034 6548393
5035 5121239
5036 7622511
5037 9149463
5038 3876071
5039 5080088
5040 1751607
5041 4297630
5042 8360483
5043 8806663
5044 4349120
5045 6405110
5046 1775653
5047 4912989
5048 2990677
5049 8106276
5050 2921462
5051 4908944
5052 8061486
5053 8173509
5054 2349947
5055 9155458
5056 1293666
5057 3965451
5058 1741257
5059 6454641
5060 2864371
5061 3519139
5062 6368350
5063 1485673
5064 2435434
5065 7122255
5066 9408763
5067 8187608
5068 9988641
5069 2176579
5070 208722
5071 4743819
5072 8523697
5073 2846329
5074 1923621
5075 9114675
5076 7554
5077 3965505
5078 448075
5079 4062001
5080 1752247
5081 2032833
5082 3986293
5083 2419303
5084 6573633
5085 8372017
5086 6799062
5087 7131076
5088 8146190
5089 3298438
5090 5898542
5091 2564953
5092 727734
5093 8520406
5094 9892487
5095 6148154
5096 514561
5097 8622269
5098 8278011
5099 6654058
5100 9166186
5101 3822763
5102 918867
5103 842084
5104 5573405
5105 6420187
5106 9392209
5107 3888271
5108 9909610
5109 6383397
5110 6496246
5111 9066704
5112 1710517
5113 8314197
5114 926410
5115 6367593
5116 7353161
5117 7720514
5118 6940555
5119 4637117
5120 5288332
5121 7215406
5122 8209318
5123 5125881
5124 9064529
5125 8137907
5126 907195
5127 9975261
5128 727322
5129 802217
5130 6335118
5131 3699044
5132 593895
5133 9818086
5134 8288392
5135 7655348
5136 1949357
5137 5879347
5138 2217538
5139 5420689
5140 8361538
5141 9922683
5142 9805294
5143 9520341
5144 7763282
5145 5042880
5146 3002162
5147 854585
5148 2336652
5149 647453
5150 1259231
5151 7173482
5152 9909658
5153 9528459
5154 4189892
5155 2857510
5156 8653161
5157 7007754
5158 2207945
5159 9776181
5160 9979084
5161 6734113
5162 3911028
5163 4633788
5164 3591477
5165 4755293
5166 4649207
5167 3583823
5168 759469
5169 3539496
5170 8842259
5171 6675941
5172 3379426
5173 2600743
5174 5276726
5175 4785856
5176 1502035
5177 1008150
5178 8756826
5179 7574716
5180 3218731
5181 5227603
5182 6210523
5183 720610
5184 378841
5185 145874
5186 6899664
5187 6629379
5188 912427
5189 3265399
5190 7603045
5191 5502110
5192 2579455
5193 2642574
5194 2473185
5195 9502519
5196 8389228
5197 3264208
5198 5356817
5199 7329431
5200 5350699
5201 3337487
5202 5468445
5203 9971294
5204 2540533
5205 189317
5206 9803576
5207 9339176
5208 7420316
5209 3175182
5210 1034484
5211 5826616
5212 2164069
5213 7415461
5214 1184767
5215 8890658
5216 7840950
5217 4372710
5218 3042563
5219 9664808
5220 2877380
5221 495630
5222 6607648
5223 3028654
5224 1695834
5225 5542528
5226 6733479
5227 9457894
5228 7042082
5229 7487906
5230 7484786
5231 3789705
5232 4266871
5233 9463342
5234 7214149
5235 3736726
5236 7879810
5237 2711707
5238 5187836
5239 4671928
5240 959603
5241 8250882
5242 5816353
5243 7599444
5244 4837722
5245 2032669
5246 2599476
5247 4590578
5248 6365970
5249 6143970
5250 23327
5251 2446877
5252 1856885
5253 5885856
5254 4908104
5255 5528179
5256 5853649
5257 2610389
5258 8850145
5259 8882251
5260 6421894
5261 8677860
5262 6787175
5263 666552
5264 1334098
5265 6495003
5266 710034
5267 4727125
5268 4087774
5269 9318831
5270 6275561
5271 4775582
5272 6370261
5273 1609614
5274 4771552
5275 4712613
5276 648257
5277 964451
5278 9287453
5279 2418586
5280 4224261
5281 3603427
5282 8250847
5283 8825458
5284 299722
5285 3687511
5286 5207608
5287 4446017
5288 7252100
5289 5624039
5290 281591
5291 1750297
5292 8142414
5293 6539630
5294 2576197
5295 8003756
5296 9813579
5297 5807214
5298 1928216
5299 7257419
5300 4595981
5301 6654085
5302 4794345
5303 6754746
5304 6941106
5305 4542802
5306 8603880
5307 407940
5308 5621977
5309 8821282
5310 3993786
5311 4815492
5312 5579289
5313 7733386
5314 5492574
5315 4757694
5316 5451386
5317 7953065
5318 4639983
5319 1824673
5320 6025138
5321 3896054
5322 7279675
5323 8082966
5324 2103547
5325 7569784
5326 839057
5327 8125029
5328 6153854
5329 5840395
5330 2625115
5331 3614944
5332 6412907
5333 7281581
5334 8274166
5335 7539338
5336 1807960
5337 6598196
5338 7326057
5339 7010149
5340 2197198
5341 2238366
5342 317892
5343 2087906
5344 3560569
5345 6698782
5346 8489056
5347 5280487
5348 323005
5349 2355039
5350 997614
5351 2568865
5352 9922528
5353 7506950
5354 8668901
5355 1521617
5356 2297649
5357 238700
5358 5135895
5359 1065871
5360 85038
5361 6107975
5362 1033319
5363 5045110
5364 766593
5365 8462133
5366 2200792
5367 5053856
5368 4674068
5369 6464659
5370 489654
5371 3400725


7179032
